log_diff,betta,mu,Io,To
1.011680073789007206e-01,2.058513183837230587e-01,8.721171454816105395e-02,6.549028676242826288e-06,-4.000000000000000000e+00
1.696227641104113837e-01,2.093633004433161915e-01,9.027329695214578176e-02,1.081927707177607642e-05,1.000000000000000000e+00
1.482222690839548329e-01,2.047974254953557893e-01,8.412185960275236907e-02,7.805706305558196377e-06,-1.000000000000000000e+00
1.715367214772414439e-01,2.182238839908821615e-01,9.761249669248120431e-02,6.303748076381631335e-06,-2.000000000000000000e+00
1.236987342694997050e-01,1.945972231709825195e-01,7.354524407228356375e-02,8.842472809012503457e-06,-1.000000000000000000e+00
1.438076100815748049e-01,1.831122292473355007e-01,5.995675706589756460e-02,1.406471914997621913e-05,2.000000000000000000e+00
1.081478939307088938e-01,1.812903018759835505e-01,5.797495820214644546e-02,8.903419486324355090e-06,-2.000000000000000000e+00
1.895842720313499485e-01,2.133279751325378171e-01,9.359327300135593386e-02,8.476979419852025669e-06,0.000000000000000000e+00
1.333997244693697071e-01,1.830860901108223304e-01,5.533919817981652889e-02,8.430936121382997050e-06,0.000000000000000000e+00
8.264311683504485528e-02,1.905318602085157575e-01,7.051174177187521930e-02,9.112090642726333408e-06,-2.000000000000000000e+00
1.517558235645629916e-01,1.807860668923473024e-01,5.932039495766334297e-02,1.149403906893244969e-05,-1.000000000000000000e+00
1.255595744624923016e-01,1.860368145722943456e-01,6.337929773416202395e-02,8.299765827052147109e-06,-2.000000000000000000e+00
1.532936435041417078e-01,1.858129018440374813e-01,6.633925382816310834e-02,1.293234204777688125e-05,0.000000000000000000e+00
1.327405516500857752e-01,1.970071699746680227e-01,7.760549637863529970e-02,8.858095281005283028e-06,-2.000000000000000000e+00
1.842679379411914231e-01,2.131124864438337374e-01,9.373904533131385830e-02,6.518527280897290163e-06,-3.000000000000000000e+00
1.482312369510980776e-01,1.793124250200387459e-01,5.250823338651475908e-02,1.005218021783515818e-05,0.000000000000000000e+00
1.605336406972338592e-01,1.935625533398613873e-01,7.555811544930615686e-02,1.009858331670882450e-05,-2.000000000000000000e+00
1.222554671281751715e-01,2.030311257647516854e-01,8.250438154526898438e-02,5.983372634232524740e-06,-4.000000000000000000e+00
9.580511067650758494e-02,2.116214244395380195e-01,9.228844845551423259e-02,1.015035760866078036e-05,1.000000000000000000e+00
4.886843619748758305e-02,1.918808601864895880e-01,7.110090432984395026e-02,1.204242017229867145e-05,1.000000000000000000e+00
1.298361433269697440e-01,2.013534727002512792e-01,8.285224217010195291e-02,7.072136421628741014e-06,-4.000000000000000000e+00
1.213557109224739500e-01,1.828934572253434754e-01,5.893643039195550076e-02,5.783760324684548385e-06,-5.000000000000000000e+00
1.361346338639354836e-01,1.913405249010221298e-01,7.273371254379251694e-02,1.260385587959703062e-05,0.000000000000000000e+00
1.264400347828048554e-01,2.054676634371688237e-01,8.687358775086317930e-02,1.033369197129646793e-05,0.000000000000000000e+00
1.707650304939387909e-01,1.801666616232669160e-01,5.789499673510799249e-02,1.008221167451987621e-05,-2.000000000000000000e+00
1.219893313439816412e-01,2.169301909552194818e-01,9.586714541274138357e-02,4.866276416232764123e-06,-4.000000000000000000e+00
1.920259794881334636e-01,1.827926972004370598e-01,5.927855371246316951e-02,7.896387106924210281e-06,-3.000000000000000000e+00
1.523832637048696259e-01,1.964759918145051465e-01,7.805792064667294028e-02,1.457610783592087455e-05,2.000000000000000000e+00
1.244398771561907868e-01,1.798881156672584025e-01,5.583645865347850595e-02,6.992571666101878689e-06,-4.000000000000000000e+00
1.080966360968554363e-01,1.924485401551220831e-01,7.358239998667398529e-02,7.746473040948866534e-06,-4.000000000000000000e+00
1.344595811215587855e-01,2.221086119950016757e-01,1.006232515430801611e-01,5.525244931460871145e-06,-2.000000000000000000e+00
1.281708548453134033e-01,1.822675310968908668e-01,5.424717866895700791e-02,8.540662492582766418e-06,0.000000000000000000e+00
1.734122605035310072e-01,1.893847854897965366e-01,6.709824955242205125e-02,9.298743775830453639e-06,-1.000000000000000000e+00
1.735724053445975024e-01,2.004291226274214632e-01,8.248307340597829662e-02,1.298162401791098618e-05,1.000000000000000000e+00
1.889462902465120497e-01,2.142682442121158770e-01,9.557777912736012405e-02,8.366829791989602411e-06,-1.000000000000000000e+00
1.429094127387896818e-01,1.861880645471645224e-01,6.666631515013383968e-02,9.132925839889517231e-06,-3.000000000000000000e+00
1.683843410834758580e-01,1.893199825723934082e-01,6.571220795097745815e-02,6.493496475153281395e-06,-3.000000000000000000e+00
1.944477788558523490e-01,1.868985267953826857e-01,6.774611520574080892e-02,7.236804154201999078e-06,-5.000000000000000000e+00
2.487943547290611956e-01,2.137414573130109741e-01,9.122533654576125972e-02,8.109833837476789422e-06,1.000000000000000000e+00
2.451894725987910362e-01,1.849176364377658199e-01,5.376491793561170851e-02,5.824031248021232059e-06,-1.000000000000000000e+00
1.957155552166477130e-01,2.285516029108805025e-01,1.079296654460477900e-01,5.659172713133951880e-06,-2.000000000000000000e+00
2.131215778396028382e-01,1.848717372701005890e-01,5.712187919208158021e-02,8.166108615528144588e-06,0.000000000000000000e+00
1.978173069913439219e-01,1.996791126524032622e-01,8.155125396805903981e-02,1.050663753639393228e-05,-1.000000000000000000e+00
2.448219217117447444e-01,1.967297483705242878e-01,7.953883124038761687e-02,1.046832373897456618e-05,-2.000000000000000000e+00
2.163448343093430093e-01,1.791566407442742592e-01,4.937195376977880634e-02,4.517332171440912683e-06,-5.000000000000000000e+00
1.957326345579382121e-01,1.839941084326471021e-01,6.218842796262732953e-02,6.806881961709986506e-06,-5.000000000000000000e+00
2.379435750175709630e-01,2.094776649723752993e-01,8.643060288744187913e-02,5.518437040592575856e-06,-2.000000000000000000e+00
2.452079689921592975e-01,2.241811591867580444e-01,1.013892181449254082e-01,7.598180914349457373e-06,2.000000000000000000e+00
2.192261898160222378e-01,2.084963796609050624e-01,9.091378677242770157e-02,9.445938461367005956e-06,-1.000000000000000000e+00
2.217160117132613850e-01,2.235285437144892140e-01,1.017855776703469606e-01,8.289764164228729225e-06,2.000000000000000000e+00
2.241484614500856287e-01,1.825787094845193193e-01,4.730575395978032366e-02,6.725477019430967810e-06,1.000000000000000000e+00
2.260630133745054615e-01,2.049438141354997245e-01,8.268072132321013790e-02,7.733145418756292769e-06,0.000000000000000000e+00
2.453858822368743808e-01,1.788216687958424922e-01,5.754219495548135166e-02,1.319547866097534426e-05,0.000000000000000000e+00
2.024612211961510089e-01,2.040474498449595386e-01,8.642105866147434257e-02,8.831431633425437257e-06,-2.000000000000000000e+00
2.027938332532815691e-01,1.805005179461231790e-01,5.571317962477603802e-02,9.801810461947678724e-06,-1.000000000000000000e+00
2.434305513848198654e-01,2.276545172591732946e-01,1.038750524149179011e-01,3.159931093044708987e-06,-5.000000000000000000e+00
2.360063062383393473e-01,1.878746074379822051e-01,7.014731661036922861e-02,1.599697057322173479e-05,1.000000000000000000e+00
2.098811375623969300e-01,1.816912082804355288e-01,6.059243728921621941e-02,7.500728853929188771e-06,-5.000000000000000000e+00
2.459424478019985039e-01,1.779295232517515146e-01,5.701049969463131695e-02,1.271817749995703824e-05,-1.000000000000000000e+00
2.061432632876368520e-01,1.808626191387997517e-01,5.928092778838570109e-02,1.631537168307877362e-05,2.000000000000000000e+00
2.510623395917417899e-01,1.967283759719926639e-01,7.989119637946615060e-02,1.318726999043762774e-05,0.000000000000000000e+00
2.109110743899279272e-01,1.804996158406864393e-01,5.033707965244225979e-02,1.044501469439396359e-05,2.000000000000000000e+00
2.476593339094834423e-01,2.036336507833272358e-01,8.657911550628838437e-02,1.308049033410408112e-05,1.000000000000000000e+00
2.340875482887419534e-01,1.944798729709039664e-01,7.740332514957537491e-02,9.356519239164036534e-06,-3.000000000000000000e+00
2.301975184210146297e-01,2.248028928180184627e-01,1.016405122040131837e-01,7.627791287216446878e-06,2.000000000000000000e+00
2.354356994638150402e-01,1.868078685319822241e-01,6.026249408267030094e-02,6.655970136651572022e-06,-2.000000000000000000e+00
2.102666324680349530e-01,1.933359288879764881e-01,6.950646734868520804e-02,8.518188167501708613e-06,0.000000000000000000e+00
2.443125890055847238e-01,1.781128199004399226e-01,5.526426816015313909e-02,1.168116975563719382e-05,-1.000000000000000000e+00
2.021632275066565787e-01,1.843002596797020942e-01,6.474097214211610440e-02,7.821625817834035809e-06,-5.000000000000000000e+00
1.992814264682245540e-01,1.796417574686631213e-01,5.306387064555587868e-02,1.148287250943987343e-05,1.000000000000000000e+00
2.491579793442806334e-01,1.869522827930099051e-01,6.202174681756011249e-02,8.811435482462600053e-06,0.000000000000000000e+00
2.328037039399926122e-01,1.821391657366320527e-01,5.741186150272524491e-02,1.264443618938548332e-05,2.000000000000000000e+00
2.295947006206388030e-01,2.303626424274177464e-01,1.090737759870675783e-01,7.324159087121503101e-06,1.000000000000000000e+00
2.307126096354915334e-01,2.229100857182533257e-01,1.026387078027738986e-01,6.596376422774317162e-06,-1.000000000000000000e+00
1.952718504075489081e-01,1.928266844758604326e-01,7.546523515728764675e-02,7.615047901636020895e-06,-5.000000000000000000e+00
2.489916843949593062e-01,2.389835880073437613e-01,1.150469707278969633e-01,3.479432057252319911e-06,-3.000000000000000000e+00
2.512269592590787304e-01,1.793508588115439450e-01,4.676666730024241214e-02,8.249551815919852353e-06,1.000000000000000000e+00
2.670570182574986129e-01,2.157369248229270009e-01,9.332482157865452932e-02,5.092445427401697200e-06,-3.000000000000000000e+00
2.611067241862222166e-01,1.796216679429638585e-01,5.956130357850368540e-02,1.783462833953332316e-05,2.000000000000000000e+00
2.676569943337511193e-01,1.821582575338943355e-01,4.406989671123879432e-02,4.638032056176745840e-06,-1.000000000000000000e+00
2.682234662085037358e-01,2.224535818140223886e-01,9.865032558641376181e-02,5.284716582342554311e-06,-1.000000000000000000e+00
2.664638191126536548e-01,2.011666474536237537e-01,7.969019445121203193e-02,8.511955856055621210e-06,0.000000000000000000e+00
2.523009656901827324e-01,1.826374804352709491e-01,4.888593772183291719e-02,3.461036442326158756e-06,-5.000000000000000000e+00
2.654049065538948149e-01,2.102694435881455326e-01,9.002818885494764944e-02,7.188770215039926329e-06,-2.000000000000000000e+00
2.526096114888794486e-01,2.078750132529425532e-01,8.547279679306293843e-02,8.752516582176136123e-06,1.000000000000000000e+00
2.588613747717357638e-01,1.777141557882526701e-01,5.631820777728839544e-02,1.524065179850749417e-05,1.000000000000000000e+00
2.558636481654099071e-01,2.052501289362984316e-01,8.657175533719932425e-02,9.526194637355530517e-06,-1.000000000000000000e+00
2.512914681854964694e-01,1.844194040384208866e-01,5.817194275506505641e-02,6.461122752327314931e-06,-3.000000000000000000e+00
2.650169425005276524e-01,1.969850038133433290e-01,7.988684641792043184e-02,9.960678075730116531e-06,-2.000000000000000000e+00
2.584468645256434716e-01,1.973393118220783116e-01,8.071935019674865430e-02,9.610069874406947972e-06,-3.000000000000000000e+00
2.581921550351845562e-01,1.855160971744473641e-01,6.192970724647055281e-02,6.130255440858162668e-06,-4.000000000000000000e+00
2.582257089449405130e-01,2.323094741752520509e-01,1.132464399223437890e-01,4.226708832486528498e-06,-5.000000000000000000e+00
2.692780601392247841e-01,1.866334993889755267e-01,5.568674478982138520e-02,3.956512432549536696e-06,-4.000000000000000000e+00
2.685575010090278658e-01,1.909054931465005156e-01,7.421143191718994336e-02,1.168591704563419400e-05,-2.000000000000000000e+00
2.711795817334476388e-01,2.204292689119641269e-01,9.779578798399377049e-02,4.254319492259073555e-06,-4.000000000000000000e+00
2.713505154953290144e-01,1.777594156264315217e-01,4.531292118134860880e-02,5.365648192482876794e-06,-3.000000000000000000e+00
2.748333661615216528e-01,2.323940642606118767e-01,1.112866966476642183e-01,5.372165489194372525e-06,-2.000000000000000000e+00
2.718582971317844987e-01,2.193850789477677921e-01,1.005583570186089626e-01,9.518279038289960951e-06,1.000000000000000000e+00
2.733183812683379621e-01,2.377027990736480523e-01,1.163005886328652427e-01,4.772151723933494811e-06,-2.000000000000000000e+00
2.749140804142045091e-01,2.139496775708264464e-01,9.046740375196919703e-02,5.914344269191835843e-06,-1.000000000000000000e+00
